data;
set J := 1 2 3 4 5 6 7 8 9 10 11 12 13 14 15 16 17 18 19 20;
set I := 0 1 2 3 4 5 6 7 8 9 10 11 12 13 14 15 16 17 18 19 20;
set K := 1 2 3 4;
param V := 9999;

param G :=
	0 1 1 99
	0 1 2 64
	0 1 3 53
	0 1 4 80
	0 2 1 84
	0 2 2 64
	0 2 3 73
	0 2 4 76
	0 3 1 59
	0 3 2 68
	0 3 3 92
	0 3 4 87
	0 4 1 65
	0 4 2 68
	0 4 3 73
	0 4 4 54
	0 5 1 82
	0 5 2 78
	0 5 3 80
	0 5 4 59
	0 6 1 57
	0 6 2 63
	0 6 3 62
	0 6 4 64
	0 7 1 69
	0 7 2 94
	0 7 3 50
	0 7 4 86
	0 8 1 74
	0 8 2 67
	0 8 3 98
	0 8 4 76
	0 9 1 68
	0 9 2 99
	0 9 3 98
	0 9 4 66
	0 10 1 92
	0 10 2 96
	0 10 3 89
	0 10 4 55
	0 11 1 81
	0 11 2 61
	0 11 3 53
	0 11 4 96
	0 12 1 65
	0 12 2 54
	0 12 3 73
	0 12 4 96
	0 13 1 98
	0 13 2 57
	0 13 3 86
	0 13 4 93
	0 14 1 72
	0 14 2 67
	0 14 3 60
	0 14 4 82
	0 15 1 52
	0 15 2 69
	0 15 3 77
	0 15 4 82
	0 16 1 86
	0 16 2 88
	0 16 3 97
	0 16 4 73
	0 17 1 77
	0 17 2 74
	0 17 3 65
	0 17 4 65
	0 18 1 87
	0 18 2 55
	0 18 3 83
	0 18 4 94
	0 19 1 83
	0 19 2 58
	0 19 3 52
	0 19 4 82
	0 20 1 58
	0 20 2 60
	0 20 3 68
	0 20 4 83
	1 0 1 99
	1 0 2 64
	1 0 3 53
	1 0 4 80
	1 1 1 178
	1 1 2 136
	1 1 3 139
	1 1 4 142
	1 2 1 147
	1 2 2 145
	1 2 3 168
	1 2 4 150
	1 3 1 158
	1 3 2 133
	1 3 3 142
	1 3 4 181
	1 4 1 160
	1 4 2 152
	1 4 3 157
	1 4 4 153
	1 5 1 173
	1 5 2 154
	1 5 3 144
	1 5 4 157
	1 6 1 134
	1 6 2 154
	1 6 3 135
	1 6 4 134
	1 7 1 123
	1 7 2 148
	1 7 3 125
	1 7 4 160
	1 8 1 172
	1 8 2 121
	1 8 3 163
	1 8 4 138
	1 9 1 135
	1 9 2 198
	1 9 3 170
	1 9 4 117
	1 10 1 158
	1 10 2 153
	1 10 3 174
	1 10 4 116
	1 11 1 169
	1 11 2 123
	1 11 3 134
	1 11 4 164
	1 12 1 132
	1 12 2 149
	1 12 3 161
	1 12 4 165
	1 13 1 156
	1 13 2 150
	1 13 3 177
	1 13 4 183
	1 14 1 164
	1 14 2 155
	1 14 3 131
	1 14 4 166
	1 15 1 141
	1 15 2 151
	1 15 3 139
	1 15 4 141
	1 16 1 151
	1 16 2 144
	1 16 3 185
	1 16 4 150
	1 17 1 150
	1 17 2 127
	1 17 3 153
	1 17 4 118
	1 18 1 156
	1 18 2 152
	1 18 3 134
	1 18 4 181
	1 19 1 161
	1 19 2 145
	1 19 3 113
	1 19 4 158
	1 20 1 124
	1 20 2 125
	1 20 3 137
	1 20 4 153
	2 0 1 84
	2 0 2 64
	2 0 3 73
	2 0 4 76
	2 1 1 181
	2 1 2 132
	2 1 3 103
	2 1 4 144
	2 2 1 160
	2 2 2 145
	2 2 3 152
	2 2 4 163
	2 3 1 136
	2 3 2 166
	2 3 3 154
	2 3 4 140
	2 4 1 161
	2 4 2 161
	2 4 3 149
	2 4 4 136
	2 5 1 171
	2 5 2 141
	2 5 3 134
	2 5 4 111
	2 6 1 107
	2 6 2 133
	2 6 3 145
	2 6 4 162
	2 7 1 163
	2 7 2 182
	2 7 3 122
	2 7 4 177
	2 8 1 124
	2 8 2 158
	2 8 3 189
	2 8 4 173
	2 9 1 119
	2 9 2 149
	2 9 3 196
	2 9 4 120
	2 10 1 188
	2 10 2 151
	2 10 3 140
	2 10 4 110
	2 11 1 140
	2 11 2 137
	2 11 3 119
	2 11 4 176
	2 12 1 164
	2 12 2 153
	2 12 3 156
	2 12 4 192
	2 13 1 196
	2 13 2 118
	2 13 3 136
	2 13 4 173
	2 14 1 145
	2 14 2 127
	2 14 3 128
	2 14 4 151
	2 15 1 124
	2 15 2 163
	2 15 3 130
	2 15 4 161
	2 16 1 181
	2 16 2 174
	2 16 3 168
	2 16 4 150
	2 17 1 172
	2 17 2 125
	2 17 3 128
	2 17 4 143
	2 18 1 153
	2 18 2 148
	2 18 3 138
	2 18 4 162
	2 19 1 143
	2 19 2 152
	2 19 3 143
	2 19 4 137
	2 20 1 146
	2 20 2 115
	2 20 3 165
	2 20 4 182
	3 0 1 59
	3 0 2 68
	3 0 3 92
	3 0 4 87
	3 1 1 155
	3 1 2 123
	3 1 3 149
	3 1 4 143
	3 2 1 156
	3 2 2 148
	3 2 3 153
	3 2 4 169
	3 3 1 157
	3 3 2 126
	3 3 3 150
	3 3 4 138
	3 4 1 147
	3 4 2 148
	3 4 3 125
	3 4 4 149
	3 5 1 153
	3 5 2 170
	3 5 3 147
	3 5 4 117
	3 6 1 122
	3 6 2 139
	3 6 3 160
	3 6 4 119
	3 7 1 135
	3 7 2 157
	3 7 3 121
	3 7 4 175
	3 8 1 154
	3 8 2 128
	3 8 3 154
	3 8 4 171
	3 9 1 150
	3 9 2 195
	3 9 3 159
	3 9 4 133
	3 10 1 189
	3 10 2 151
	3 10 3 175
	3 10 4 134
	3 11 1 136
	3 11 2 117
	3 11 3 147
	3 11 4 172
	3 12 1 125
	3 12 2 140
	3 12 3 135
	3 12 4 163
	3 13 1 181
	3 13 2 119
	3 13 3 168
	3 13 4 159
	3 14 1 159
	3 14 2 158
	3 14 3 140
	3 14 4 163
	3 15 1 146
	3 15 2 128
	3 15 3 165
	3 15 4 137
	3 16 1 173
	3 16 2 168
	3 16 3 184
	3 16 4 160
	3 17 1 154
	3 17 2 124
	3 17 3 143
	3 17 4 151
	3 18 1 165
	3 18 2 142
	3 18 3 168
	3 18 4 170
	3 19 1 177
	3 19 2 151
	3 19 3 124
	3 19 4 174
	3 20 1 157
	3 20 2 125
	3 20 3 145
	3 20 4 165
	4 0 1 65
	4 0 2 68
	4 0 3 73
	4 0 4 54
	4 1 1 173
	4 1 2 118
	4 1 3 133
	4 1 4 144
	4 2 1 178
	4 2 2 135
	4 2 3 134
	4 2 4 171
	4 3 1 133
	4 3 2 120
	4 3 3 155
	4 3 4 152
	4 4 1 147
	4 4 2 138
	4 4 3 125
	4 4 4 110
	4 5 1 177
	4 5 2 170
	4 5 3 159
	4 5 4 140
	4 6 1 109
	4 6 2 155
	4 6 3 115
	4 6 4 152
	4 7 1 145
	4 7 2 189
	4 7 3 127
	4 7 4 169
	4 8 1 135
	4 8 2 160
	4 8 3 165
	4 8 4 151
	4 9 1 160
	4 9 2 166
	4 9 3 152
	4 9 4 140
	4 10 1 189
	4 10 2 154
	4 10 3 164
	4 10 4 154
	4 11 1 180
	4 11 2 129
	4 11 3 115
	4 11 4 180
	4 12 1 162
	4 12 2 113
	4 12 3 144
	4 12 4 158
	4 13 1 157
	4 13 2 113
	4 13 3 142
	4 13 4 160
	4 14 1 154
	4 14 2 164
	4 14 3 148
	4 14 4 155
	4 15 1 134
	4 15 2 130
	4 15 3 163
	4 15 4 170
	4 16 1 143
	4 16 2 186
	4 16 3 188
	4 16 4 159
	4 17 1 164
	4 17 2 157
	4 17 3 116
	4 17 4 157
	4 18 1 155
	4 18 2 110
	4 18 3 148
	4 18 4 169
	4 19 1 140
	4 19 2 120
	4 19 3 150
	4 19 4 159
	4 20 1 124
	4 20 2 148
	4 20 3 146
	4 20 4 181
	5 0 1 82
	5 0 2 78
	5 0 3 80
	5 0 4 59
	5 1 1 165
	5 1 2 131
	5 1 3 130
	5 1 4 166
	5 2 1 146
	5 2 2 152
	5 2 3 168
	5 2 4 166
	5 3 1 110
	5 3 2 167
	5 3 3 161
	5 3 4 161
	5 4 1 128
	5 4 2 128
	5 4 3 132
	5 4 4 114
	5 5 1 141
	5 5 2 139
	5 5 3 176
	5 5 4 133
	5 6 1 124
	5 6 2 120
	5 6 3 128
	5 6 4 116
	5 7 1 144
	5 7 2 161
	5 7 3 121
	5 7 4 149
	5 8 1 125
	5 8 2 119
	5 8 3 172
	5 8 4 138
	5 9 1 131
	5 9 2 165
	5 9 3 150
	5 9 4 151
	5 10 1 159
	5 10 2 156
	5 10 3 185
	5 10 4 118
	5 11 1 140
	5 11 2 149
	5 11 3 120
	5 11 4 183
	5 12 1 132
	5 12 2 113
	5 12 3 171
	5 12 4 194
	5 13 1 182
	5 13 2 144
	5 13 3 159
	5 13 4 156
	5 14 1 134
	5 14 2 157
	5 14 3 122
	5 14 4 164
	5 15 1 147
	5 15 2 121
	5 15 3 129
	5 15 4 150
	5 16 1 179
	5 16 2 186
	5 16 3 163
	5 16 4 171
	5 17 1 170
	5 17 2 162
	5 17 3 132
	5 17 4 160
	5 18 1 150
	5 18 2 122
	5 18 3 170
	5 18 4 174
	5 19 1 139
	5 19 2 146
	5 19 3 107
	5 19 4 178
	5 20 1 108
	5 20 2 143
	5 20 3 136
	5 20 4 169
	6 0 1 57
	6 0 2 63
	6 0 3 62
	6 0 4 64
	6 1 1 182
	6 1 2 138
	6 1 3 135
	6 1 4 171
	6 2 1 172
	6 2 2 161
	6 2 3 133
	6 2 4 140
	6 3 1 154
	6 3 2 154
	6 3 3 160
	6 3 4 141
	6 4 1 150
	6 4 2 156
	6 4 3 144
	6 4 4 145
	6 5 1 162
	6 5 2 156
	6 5 3 143
	6 5 4 148
	6 6 1 116
	6 6 2 155
	6 6 3 129
	6 6 4 140
	6 7 1 164
	6 7 2 150
	6 7 3 142
	6 7 4 164
	6 8 1 151
	6 8 2 156
	6 8 3 150
	6 8 4 148
	6 9 1 145
	6 9 2 186
	6 9 3 155
	6 9 4 153
	6 10 1 156
	6 10 2 191
	6 10 3 167
	6 10 4 113
	6 11 1 156
	6 11 2 130
	6 11 3 107
	6 11 4 180
	6 12 1 138
	6 12 2 139
	6 12 3 149
	6 12 4 160
	6 13 1 174
	6 13 2 152
	6 13 3 144
	6 13 4 179
	6 14 1 133
	6 14 2 162
	6 14 3 158
	6 14 4 140
	6 15 1 118
	6 15 2 143
	6 15 3 174
	6 15 4 151
	6 16 1 136
	6 16 2 170
	6 16 3 195
	6 16 4 157
	6 17 1 158
	6 17 2 151
	6 17 3 132
	6 17 4 152
	6 18 1 149
	6 18 2 125
	6 18 3 159
	6 18 4 165
	6 19 1 137
	6 19 2 116
	6 19 3 112
	6 19 4 143
	6 20 1 133
	6 20 2 121
	6 20 3 160
	6 20 4 148
	7 0 1 69
	7 0 2 94
	7 0 3 50
	7 0 4 86
	7 1 1 169
	7 1 2 137
	7 1 3 137
	7 1 4 131
	7 2 1 162
	7 2 2 121
	7 2 3 149
	7 2 4 164
	7 3 1 137
	7 3 2 128
	7 3 3 170
	7 3 4 174
	7 4 1 150
	7 4 2 121
	7 4 3 165
	7 4 4 138
	7 5 1 137
	7 5 2 162
	7 5 3 148
	7 5 4 110
	7 6 1 136
	7 6 2 117
	7 6 3 147
	7 6 4 158
	7 7 1 149
	7 7 2 153
	7 7 3 106
	7 7 4 138
	7 8 1 138
	7 8 2 165
	7 8 3 183
	7 8 4 153
	7 9 1 128
	7 9 2 170
	7 9 3 176
	7 9 4 159
	7 10 1 155
	7 10 2 187
	7 10 3 170
	7 10 4 150
	7 11 1 146
	7 11 2 132
	7 11 3 140
	7 11 4 162
	7 12 1 143
	7 12 2 106
	7 12 3 135
	7 12 4 192
	7 13 1 186
	7 13 2 153
	7 13 3 148
	7 13 4 183
	7 14 1 167
	7 14 2 142
	7 14 3 151
	7 14 4 169
	7 15 1 135
	7 15 2 142
	7 15 3 155
	7 15 4 141
	7 16 1 182
	7 16 2 160
	7 16 3 160
	7 16 4 132
	7 17 1 144
	7 17 2 169
	7 17 3 139
	7 17 4 162
	7 18 1 185
	7 18 2 143
	7 18 3 134
	7 18 4 146
	7 19 1 174
	7 19 2 138
	7 19 3 129
	7 19 4 172
	7 20 1 123
	7 20 2 115
	7 20 3 122
	7 20 4 170
	8 0 1 74
	8 0 2 67
	8 0 3 98
	8 0 4 76
	8 1 1 160
	8 1 2 149
	8 1 3 103
	8 1 4 170
	8 2 1 173
	8 2 2 131
	8 2 3 143
	8 2 4 165
	8 3 1 153
	8 3 2 139
	8 3 3 143
	8 3 4 186
	8 4 1 122
	8 4 2 138
	8 4 3 158
	8 4 4 111
	8 5 1 163
	8 5 2 165
	8 5 3 153
	8 5 4 122
	8 6 1 125
	8 6 2 146
	8 6 3 137
	8 6 4 117
	8 7 1 155
	8 7 2 192
	8 7 3 115
	8 7 4 170
	8 8 1 137
	8 8 2 138
	8 8 3 187
	8 8 4 130
	8 9 1 161
	8 9 2 192
	8 9 3 160
	8 9 4 163
	8 10 1 187
	8 10 2 185
	8 10 3 167
	8 10 4 112
	8 11 1 178
	8 11 2 136
	8 11 3 152
	8 11 4 192
	8 12 1 162
	8 12 2 139
	8 12 3 126
	8 12 4 167
	8 13 1 162
	8 13 2 118
	8 13 3 184
	8 13 4 144
	8 14 1 165
	8 14 2 148
	8 14 3 149
	8 14 4 149
	8 15 1 114
	8 15 2 165
	8 15 3 143
	8 15 4 132
	8 16 1 148
	8 16 2 183
	8 16 3 192
	8 16 4 145
	8 17 1 146
	8 17 2 162
	8 17 3 115
	8 17 4 141
	8 18 1 143
	8 18 2 140
	8 18 3 179
	8 18 4 156
	8 19 1 158
	8 19 2 129
	8 19 3 105
	8 19 4 136
	8 20 1 123
	8 20 2 132
	8 20 3 141
	8 20 4 160
	9 0 1 68
	9 0 2 99
	9 0 3 98
	9 0 4 66
	9 1 1 188
	9 1 2 154
	9 1 3 138
	9 1 4 142
	9 2 1 161
	9 2 2 143
	9 2 3 151
	9 2 4 151
	9 3 1 158
	9 3 2 126
	9 3 3 172
	9 3 4 185
	9 4 1 140
	9 4 2 139
	9 4 3 157
	9 4 4 143
	9 5 1 145
	9 5 2 128
	9 5 3 172
	9 5 4 148
	9 6 1 144
	9 6 2 132
	9 6 3 157
	9 6 4 139
	9 7 1 135
	9 7 2 176
	9 7 3 125
	9 7 4 147
	9 8 1 125
	9 8 2 148
	9 8 3 166
	9 8 4 146
	9 9 1 143
	9 9 2 192
	9 9 3 178
	9 9 4 162
	9 10 1 170
	9 10 2 156
	9 10 3 169
	9 10 4 119
	9 11 1 160
	9 11 2 128
	9 11 3 137
	9 11 4 191
	9 12 1 120
	9 12 2 111
	9 12 3 124
	9 12 4 176
	9 13 1 149
	9 13 2 117
	9 13 3 153
	9 13 4 167
	9 14 1 170
	9 14 2 155
	9 14 3 124
	9 14 4 140
	9 15 1 124
	9 15 2 130
	9 15 3 162
	9 15 4 141
	9 16 1 143
	9 16 2 146
	9 16 3 158
	9 16 4 126
	9 17 1 150
	9 17 2 142
	9 17 3 122
	9 17 4 151
	9 18 1 147
	9 18 2 109
	9 18 3 168
	9 18 4 165
	9 19 1 176
	9 19 2 157
	9 19 3 128
	9 19 4 155
	9 20 1 109
	9 20 2 149
	9 20 3 143
	9 20 4 156
	10 0 1 92
	10 0 2 96
	10 0 3 89
	10 0 4 55
	10 1 1 154
	10 1 2 152
	10 1 3 129
	10 1 4 136
	10 2 1 144
	10 2 2 135
	10 2 3 147
	10 2 4 158
	10 3 1 152
	10 3 2 155
	10 3 3 157
	10 3 4 144
	10 4 1 164
	10 4 2 158
	10 4 3 150
	10 4 4 123
	10 5 1 142
	10 5 2 152
	10 5 3 160
	10 5 4 149
	10 6 1 125
	10 6 2 151
	10 6 3 145
	10 6 4 122
	10 7 1 166
	10 7 2 148
	10 7 3 100
	10 7 4 154
	10 8 1 129
	10 8 2 133
	10 8 3 148
	10 8 4 156
	10 9 1 150
	10 9 2 165
	10 9 3 168
	10 9 4 149
	10 10 1 162
	10 10 2 179
	10 10 3 140
	10 10 4 153
	10 11 1 179
	10 11 2 157
	10 11 3 125
	10 11 4 170
	10 12 1 122
	10 12 2 148
	10 12 3 130
	10 12 4 187
	10 13 1 178
	10 13 2 108
	10 13 3 179
	10 13 4 177
	10 14 1 131
	10 14 2 148
	10 14 3 111
	10 14 4 154
	10 15 1 105
	10 15 2 137
	10 15 3 150
	10 15 4 175
	10 16 1 153
	10 16 2 187
	10 16 3 167
	10 16 4 149
	10 17 1 167
	10 17 2 161
	10 17 3 115
	10 17 4 131
	10 18 1 176
	10 18 2 129
	10 18 3 140
	10 18 4 153
	10 19 1 153
	10 19 2 119
	10 19 3 140
	10 19 4 145
	10 20 1 123
	10 20 2 140
	10 20 3 129
	10 20 4 150
	11 0 1 81
	11 0 2 61
	11 0 3 53
	11 0 4 96
	11 1 1 156
	11 1 2 149
	11 1 3 150
	11 1 4 142
	11 2 1 177
	11 2 2 155
	11 2 3 133
	11 2 4 174
	11 3 1 130
	11 3 2 128
	11 3 3 186
	11 3 4 142
	11 4 1 146
	11 4 2 136
	11 4 3 170
	11 4 4 153
	11 5 1 179
	11 5 2 172
	11 5 3 176
	11 5 4 114
	11 6 1 119
	11 6 2 133
	11 6 3 126
	11 6 4 135
	11 7 1 149
	11 7 2 153
	11 7 3 125
	11 7 4 154
	11 8 1 133
	11 8 2 132
	11 8 3 183
	11 8 4 162
	11 9 1 124
	11 9 2 190
	11 9 3 163
	11 9 4 151
	11 10 1 179
	11 10 2 191
	11 10 3 179
	11 10 4 116
	11 11 1 178
	11 11 2 127
	11 11 3 135
	11 11 4 158
	11 12 1 115
	11 12 2 147
	11 12 3 139
	11 12 4 182
	11 13 1 174
	11 13 2 108
	11 13 3 176
	11 13 4 149
	11 14 1 160
	11 14 2 132
	11 14 3 125
	11 14 4 140
	11 15 1 118
	11 15 2 142
	11 15 3 172
	11 15 4 149
	11 16 1 169
	11 16 2 147
	11 16 3 170
	11 16 4 166
	11 17 1 139
	11 17 2 173
	11 17 3 125
	11 17 4 143
	11 18 1 173
	11 18 2 120
	11 18 3 180
	11 18 4 167
	11 19 1 160
	11 19 2 138
	11 19 3 110
	11 19 4 139
	11 20 1 119
	11 20 2 138
	11 20 3 158
	11 20 4 152
	12 0 1 65
	12 0 2 54
	12 0 3 73
	12 0 4 96
	12 1 1 191
	12 1 2 162
	12 1 3 134
	12 1 4 159
	12 2 1 136
	12 2 2 139
	12 2 3 172
	12 2 4 133
	12 3 1 146
	12 3 2 151
	12 3 3 151
	12 3 4 186
	12 4 1 134
	12 4 2 130
	12 4 3 130
	12 4 4 117
	12 5 1 139
	12 5 2 155
	12 5 3 155
	12 5 4 123
	12 6 1 132
	12 6 2 143
	12 6 3 134
	12 6 4 143
	12 7 1 142
	12 7 2 146
	12 7 3 120
	12 7 4 165
	12 8 1 171
	12 8 2 117
	12 8 3 180
	12 8 4 163
	12 9 1 121
	12 9 2 179
	12 9 3 185
	12 9 4 159
	12 10 1 176
	12 10 2 170
	12 10 3 143
	12 10 4 126
	12 11 1 159
	12 11 2 120
	12 11 3 119
	12 11 4 186
	12 12 1 144
	12 12 2 104
	12 12 3 160
	12 12 4 190
	12 13 1 193
	12 13 2 137
	12 13 3 141
	12 13 4 145
	12 14 1 134
	12 14 2 154
	12 14 3 135
	12 14 4 134
	12 15 1 132
	12 15 2 159
	12 15 3 174
	12 15 4 151
	12 16 1 162
	12 16 2 177
	12 16 3 167
	12 16 4 163
	12 17 1 143
	12 17 2 142
	12 17 3 127
	12 17 4 156
	12 18 1 140
	12 18 2 137
	12 18 3 169
	12 18 4 177
	12 19 1 178
	12 19 2 151
	12 19 3 142
	12 19 4 141
	12 20 1 152
	12 20 2 147
	12 20 3 134
	12 20 4 159
	13 0 1 98
	13 0 2 57
	13 0 3 86
	13 0 4 93
	13 1 1 184
	13 1 2 146
	13 1 3 110
	13 1 4 152
	13 2 1 177
	13 2 2 142
	13 2 3 147
	13 2 4 165
	13 3 1 157
	13 3 2 151
	13 3 3 169
	13 3 4 167
	13 4 1 160
	13 4 2 145
	13 4 3 159
	13 4 4 109
	13 5 1 139
	13 5 2 175
	13 5 3 170
	13 5 4 144
	13 6 1 136
	13 6 2 126
	13 6 3 149
	13 6 4 152
	13 7 1 128
	13 7 2 181
	13 7 3 119
	13 7 4 177
	13 8 1 168
	13 8 2 126
	13 8 3 184
	13 8 4 173
	13 9 1 124
	13 9 2 190
	13 9 3 150
	13 9 4 118
	13 10 1 157
	13 10 2 191
	13 10 3 155
	13 10 4 117
	13 11 1 131
	13 11 2 133
	13 11 3 148
	13 11 4 146
	13 12 1 140
	13 12 2 149
	13 12 3 128
	13 12 4 161
	13 13 1 178
	13 13 2 110
	13 13 3 185
	13 13 4 188
	13 14 1 132
	13 14 2 142
	13 14 3 114
	13 14 4 140
	13 15 1 147
	13 15 2 168
	13 15 3 156
	13 15 4 171
	13 16 1 154
	13 16 2 181
	13 16 3 180
	13 16 4 160
	13 17 1 166
	13 17 2 161
	13 17 3 126
	13 17 4 140
	13 18 1 161
	13 18 2 149
	13 18 3 168
	13 18 4 192
	13 19 1 173
	13 19 2 118
	13 19 3 139
	13 19 4 181
	13 20 1 111
	13 20 2 120
	13 20 3 159
	13 20 4 161
	14 0 1 72
	14 0 2 67
	14 0 3 60
	14 0 4 82
	14 1 1 153
	14 1 2 114
	14 1 3 112
	14 1 4 132
	14 2 1 157
	14 2 2 152
	14 2 3 132
	14 2 4 132
	14 3 1 156
	14 3 2 156
	14 3 3 167
	14 3 4 142
	14 4 1 115
	14 4 2 148
	14 4 3 128
	14 4 4 112
	14 5 1 159
	14 5 2 150
	14 5 3 165
	14 5 4 135
	14 6 1 127
	14 6 2 125
	14 6 3 113
	14 6 4 122
	14 7 1 145
	14 7 2 191
	14 7 3 123
	14 7 4 169
	14 8 1 154
	14 8 2 134
	14 8 3 170
	14 8 4 130
	14 9 1 142
	14 9 2 150
	14 9 3 197
	14 9 4 161
	14 10 1 142
	14 10 2 192
	14 10 3 160
	14 10 4 121
	14 11 1 134
	14 11 2 142
	14 11 3 143
	14 11 4 189
	14 12 1 131
	14 12 2 124
	14 12 3 156
	14 12 4 159
	14 13 1 161
	14 13 2 136
	14 13 3 172
	14 13 4 190
	14 14 1 147
	14 14 2 137
	14 14 3 143
	14 14 4 177
	14 15 1 148
	14 15 2 152
	14 15 3 130
	14 15 4 142
	14 16 1 155
	14 16 2 187
	14 16 3 192
	14 16 4 169
	14 17 1 156
	14 17 2 156
	14 17 3 153
	14 17 4 162
	14 18 1 171
	14 18 2 107
	14 18 3 151
	14 18 4 163
	14 19 1 155
	14 19 2 129
	14 19 3 148
	14 19 4 152
	14 20 1 156
	14 20 2 156
	14 20 3 124
	14 20 4 172
	15 0 1 52
	15 0 2 69
	15 0 3 77
	15 0 4 82
	15 1 1 169
	15 1 2 120
	15 1 3 107
	15 1 4 147
	15 2 1 155
	15 2 2 135
	15 2 3 144
	15 2 4 137
	15 3 1 111
	15 3 2 147
	15 3 3 174
	15 3 4 157
	15 4 1 118
	15 4 2 153
	15 4 3 167
	15 4 4 111
	15 5 1 152
	15 5 2 168
	15 5 3 171
	15 5 4 137
	15 6 1 113
	15 6 2 122
	15 6 3 146
	15 6 4 132
	15 7 1 161
	15 7 2 165
	15 7 3 119
	15 7 4 138
	15 8 1 131
	15 8 2 129
	15 8 3 193
	15 8 4 149
	15 9 1 147
	15 9 2 175
	15 9 3 161
	15 9 4 116
	15 10 1 166
	15 10 2 175
	15 10 3 188
	15 10 4 124
	15 11 1 173
	15 11 2 144
	15 11 3 108
	15 11 4 172
	15 12 1 122
	15 12 2 120
	15 12 3 152
	15 12 4 169
	15 13 1 149
	15 13 2 134
	15 13 3 161
	15 13 4 152
	15 14 1 129
	15 14 2 161
	15 14 3 144
	15 14 4 142
	15 15 1 128
	15 15 2 165
	15 15 3 157
	15 15 4 158
	15 16 1 177
	15 16 2 176
	15 16 3 158
	15 16 4 134
	15 17 1 163
	15 17 2 159
	15 17 3 128
	15 17 4 143
	15 18 1 186
	15 18 2 119
	15 18 3 174
	15 18 4 171
	15 19 1 164
	15 19 2 131
	15 19 3 151
	15 19 4 162
	15 20 1 115
	15 20 2 117
	15 20 3 150
	15 20 4 181
	16 0 1 86
	16 0 2 88
	16 0 3 97
	16 0 4 73
	16 1 1 188
	16 1 2 159
	16 1 3 104
	16 1 4 155
	16 2 1 138
	16 2 2 151
	16 2 3 155
	16 2 4 135
	16 3 1 109
	16 3 2 148
	16 3 3 160
	16 3 4 182
	16 4 1 128
	16 4 2 138
	16 4 3 157
	16 4 4 152
	16 5 1 173
	16 5 2 142
	16 5 3 176
	16 5 4 125
	16 6 1 146
	16 6 2 120
	16 6 3 142
	16 6 4 150
	16 7 1 127
	16 7 2 169
	16 7 3 124
	16 7 4 183
	16 8 1 151
	16 8 2 161
	16 8 3 149
	16 8 4 172
	16 9 1 165
	16 9 2 171
	16 9 3 171
	16 9 4 140
	16 10 1 144
	16 10 2 170
	16 10 3 145
	16 10 4 145
	16 11 1 173
	16 11 2 122
	16 11 3 106
	16 11 4 177
	16 12 1 136
	16 12 2 130
	16 12 3 169
	16 12 4 150
	16 13 1 151
	16 13 2 124
	16 13 3 149
	16 13 4 157
	16 14 1 146
	16 14 2 151
	16 14 3 150
	16 14 4 162
	16 15 1 149
	16 15 2 135
	16 15 3 168
	16 15 4 168
	16 16 1 158
	16 16 2 151
	16 16 3 187
	16 16 4 144
	16 17 1 174
	16 17 2 139
	16 17 3 141
	16 17 4 160
	16 18 1 138
	16 18 2 117
	16 18 3 138
	16 18 4 144
	16 19 1 149
	16 19 2 124
	16 19 3 149
	16 19 4 165
	16 20 1 108
	16 20 2 121
	16 20 3 158
	16 20 4 172
	17 0 1 77
	17 0 2 74
	17 0 3 65
	17 0 4 65
	17 1 1 151
	17 1 2 131
	17 1 3 108
	17 1 4 168
	17 2 1 173
	17 2 2 118
	17 2 3 159
	17 2 4 140
	17 3 1 123
	17 3 2 161
	17 3 3 144
	17 3 4 154
	17 4 1 152
	17 4 2 135
	17 4 3 165
	17 4 4 143
	17 5 1 136
	17 5 2 165
	17 5 3 142
	17 5 4 141
	17 6 1 119
	17 6 2 124
	17 6 3 137
	17 6 4 133
	17 7 1 137
	17 7 2 169
	17 7 3 115
	17 7 4 162
	17 8 1 153
	17 8 2 129
	17 8 3 171
	17 8 4 132
	17 9 1 154
	17 9 2 181
	17 9 3 191
	17 9 4 164
	17 10 1 187
	17 10 2 157
	17 10 3 171
	17 10 4 108
	17 11 1 172
	17 11 2 129
	17 11 3 131
	17 11 4 169
	17 12 1 124
	17 12 2 132
	17 12 3 137
	17 12 4 166
	17 13 1 157
	17 13 2 131
	17 13 3 183
	17 13 4 173
	17 14 1 125
	17 14 2 153
	17 14 3 154
	17 14 4 165
	17 15 1 122
	17 15 2 166
	17 15 3 175
	17 15 4 136
	17 16 1 156
	17 16 2 158
	17 16 3 164
	17 16 4 171
	17 17 1 175
	17 17 2 143
	17 17 3 125
	17 17 4 134
	17 18 1 139
	17 18 2 145
	17 18 3 135
	17 18 4 151
	17 19 1 180
	17 19 2 157
	17 19 3 114
	17 19 4 179
	17 20 1 153
	17 20 2 113
	17 20 3 139
	17 20 4 154
	18 0 1 87
	18 0 2 55
	18 0 3 83
	18 0 4 94
	18 1 1 154
	18 1 2 140
	18 1 3 146
	18 1 4 141
	18 2 1 166
	18 2 2 121
	18 2 3 169
	18 2 4 164
	18 3 1 147
	18 3 2 133
	18 3 3 153
	18 3 4 152
	18 4 1 160
	18 4 2 132
	18 4 3 172
	18 4 4 127
	18 5 1 163
	18 5 2 129
	18 5 3 143
	18 5 4 130
	18 6 1 140
	18 6 2 156
	18 6 3 130
	18 6 4 160
	18 7 1 157
	18 7 2 171
	18 7 3 124
	18 7 4 137
	18 8 1 172
	18 8 2 162
	18 8 3 162
	18 8 4 148
	18 9 1 128
	18 9 2 190
	18 9 3 196
	18 9 4 121
	18 10 1 158
	18 10 2 152
	18 10 3 141
	18 10 4 127
	18 11 1 163
	18 11 2 136
	18 11 3 143
	18 11 4 191
	18 12 1 154
	18 12 2 143
	18 12 3 172
	18 12 4 149
	18 13 1 160
	18 13 2 133
	18 13 3 151
	18 13 4 164
	18 14 1 148
	18 14 2 164
	18 14 3 147
	18 14 4 142
	18 15 1 138
	18 15 2 134
	18 15 3 153
	18 15 4 162
	18 16 1 145
	18 16 2 152
	18 16 3 178
	18 16 4 156
	18 17 1 172
	18 17 2 162
	18 17 3 152
	18 17 4 153
	18 18 1 181
	18 18 2 148
	18 18 3 176
	18 18 4 150
	18 19 1 174
	18 19 2 155
	18 19 3 117
	18 19 4 160
	18 20 1 137
	18 20 2 151
	18 20 3 142
	18 20 4 168
	19 0 1 83
	19 0 2 58
	19 0 3 52
	19 0 4 82
	19 1 1 164
	19 1 2 129
	19 1 3 108
	19 1 4 138
	19 2 1 173
	19 2 2 116
	19 2 3 133
	19 2 4 136
	19 3 1 123
	19 3 2 129
	19 3 3 157
	19 3 4 183
	19 4 1 140
	19 4 2 123
	19 4 3 146
	19 4 4 152
	19 5 1 137
	19 5 2 128
	19 5 3 161
	19 5 4 153
	19 6 1 138
	19 6 2 123
	19 6 3 130
	19 6 4 119
	19 7 1 127
	19 7 2 189
	19 7 3 141
	19 7 4 169
	19 8 1 155
	19 8 2 148
	19 8 3 170
	19 8 4 169
	19 9 1 148
	19 9 2 162
	19 9 3 152
	19 9 4 163
	19 10 1 169
	19 10 2 176
	19 10 3 141
	19 10 4 138
	19 11 1 148
	19 11 2 153
	19 11 3 147
	19 11 4 147
	19 12 1 158
	19 12 2 107
	19 12 3 169
	19 12 4 171
	19 13 1 169
	19 13 2 127
	19 13 3 169
	19 13 4 149
	19 14 1 130
	19 14 2 157
	19 14 3 149
	19 14 4 137
	19 15 1 121
	19 15 2 144
	19 15 3 149
	19 15 4 132
	19 16 1 155
	19 16 2 180
	19 16 3 157
	19 16 4 153
	19 17 1 141
	19 17 2 124
	19 17 3 116
	19 17 4 146
	19 18 1 143
	19 18 2 148
	19 18 3 171
	19 18 4 175
	19 19 1 136
	19 19 2 122
	19 19 3 130
	19 19 4 162
	19 20 1 152
	19 20 2 116
	19 20 3 161
	19 20 4 136
	20 0 1 58
	20 0 2 60
	20 0 3 68
	20 0 4 83
	20 1 1 160
	20 1 2 125
	20 1 3 119
	20 1 4 152
	20 2 1 134
	20 2 2 130
	20 2 3 168
	20 2 4 144
	20 3 1 121
	20 3 2 162
	20 3 3 163
	20 3 4 146
	20 4 1 152
	20 4 2 160
	20 4 3 146
	20 4 4 125
	20 5 1 160
	20 5 2 167
	20 5 3 145
	20 5 4 119
	20 6 1 136
	20 6 2 143
	20 6 3 161
	20 6 4 118
	20 7 1 131
	20 7 2 148
	20 7 3 116
	20 7 4 139
	20 8 1 171
	20 8 2 130
	20 8 3 190
	20 8 4 135
	20 9 1 129
	20 9 2 171
	20 9 3 186
	20 9 4 135
	20 10 1 145
	20 10 2 162
	20 10 3 155
	20 10 4 141
	20 11 1 167
	20 11 2 126
	20 11 3 126
	20 11 4 182
	20 12 1 144
	20 12 2 140
	20 12 3 171
	20 12 4 166
	20 13 1 172
	20 13 2 127
	20 13 3 180
	20 13 4 192
	20 14 1 122
	20 14 2 155
	20 14 3 112
	20 14 4 149
	20 15 1 133
	20 15 2 139
	20 15 3 153
	20 15 4 174
	20 16 1 160
	20 16 2 140
	20 16 3 147
	20 16 4 128
	20 17 1 133
	20 17 2 167
	20 17 3 121
	20 17 4 145
	20 18 1 169
	20 18 2 120
	20 18 3 163
	20 18 4 160
	20 19 1 175
	20 19 2 155
	20 19 3 111
	20 19 4 132
	20 20 1 113
	20 20 2 132
	20 20 3 152
	20 20 4 166;

end;

