data;

set K :=
	1
	2
	3
	4
;

set I :=
	0
	1
	2
	3
	4
	5
	6
	7
	8
	9
	10
	11
	12
	13
	14
	15
	16
	17
	18
	19
	20
;

set J :=
	1
	2
	3
	4
	5
	6
	7
	8
	9
	10
	11
	12
	13
	14
	15
	16
	17
	18
	19
	20
;

param P :=
	1 1 99
	1 2 64
	1 3 53
	1 4 80
	2 1 84
	2 2 64
	2 3 73
	2 4 76
	3 1 59
	3 2 68
	3 3 92
	3 4 87
	4 1 65
	4 2 68
	4 3 73
	4 4 54
	5 1 82
	5 2 78
	5 3 80
	5 4 59
	6 1 57
	6 2 63
	6 3 62
	6 4 64
	7 1 69
	7 2 94
	7 3 50
	7 4 86
	8 1 74
	8 2 67
	8 3 98
	8 4 76
	9 1 68
	9 2 99
	9 3 98
	9 4 66
	10 1 92
	10 2 96
	10 3 89
	10 4 55
	11 1 81
	11 2 61
	11 3 53
	11 4 96
	12 1 65
	12 2 54
	12 3 73
	12 4 96
	13 1 98
	13 2 57
	13 3 86
	13 4 93
	14 1 72
	14 2 67
	14 3 60
	14 4 82
	15 1 52
	15 2 69
	15 3 77
	15 4 82
	16 1 86
	16 2 88
	16 3 97
	16 4 73
	17 1 77
	17 2 74
	17 3 65
	17 4 65
	18 1 87
	18 2 55
	18 3 83
	18 4 94
	19 1 83
	19 2 58
	19 3 52
	19 4 82
	20 1 58
	20 2 60
	20 3 68
	20 4 83
;

param S :=
	0 1 1 0
	0 1 2 0
	0 1 3 0
	0 1 4 0
	0 2 1 0
	0 2 2 0
	0 2 3 0
	0 2 4 0
	0 3 1 0
	0 3 2 0
	0 3 3 0
	0 3 4 0
	0 4 1 0
	0 4 2 0
	0 4 3 0
	0 4 4 0
	0 5 1 0
	0 5 2 0
	0 5 3 0
	0 5 4 0
	0 6 1 0
	0 6 2 0
	0 6 3 0
	0 6 4 0
	0 7 1 0
	0 7 2 0
	0 7 3 0
	0 7 4 0
	0 8 1 0
	0 8 2 0
	0 8 3 0
	0 8 4 0
	0 9 1 0
	0 9 2 0
	0 9 3 0
	0 9 4 0
	0 10 1 0
	0 10 2 0
	0 10 3 0
	0 10 4 0
	0 11 1 0
	0 11 2 0
	0 11 3 0
	0 11 4 0
	0 12 1 0
	0 12 2 0
	0 12 3 0
	0 12 4 0
	0 13 1 0
	0 13 2 0
	0 13 3 0
	0 13 4 0
	0 14 1 0
	0 14 2 0
	0 14 3 0
	0 14 4 0
	0 15 1 0
	0 15 2 0
	0 15 3 0
	0 15 4 0
	0 16 1 0
	0 16 2 0
	0 16 3 0
	0 16 4 0
	0 17 1 0
	0 17 2 0
	0 17 3 0
	0 17 4 0
	0 18 1 0
	0 18 2 0
	0 18 3 0
	0 18 4 0
	0 19 1 0
	0 19 2 0
	0 19 3 0
	0 19 4 0
	0 20 1 0
	0 20 2 0
	0 20 3 0
	0 20 4 0
	1 1 1 79
	1 1 2 72
	1 1 3 86
	1 1 4 62
	1 2 1 63
	1 2 2 81
	1 2 3 95
	1 2 4 74
	1 3 1 99
	1 3 2 65
	1 3 3 50
	1 3 4 94
	1 4 1 95
	1 4 2 84
	1 4 3 84
	1 4 4 99
	1 5 1 91
	1 5 2 76
	1 5 3 64
	1 5 4 98
	1 6 1 77
	1 6 2 91
	1 6 3 73
	1 6 4 70
	1 7 1 54
	1 7 2 54
	1 7 3 75
	1 7 4 74
	1 8 1 98
	1 8 2 54
	1 8 3 65
	1 8 4 62
	1 9 1 67
	1 9 2 99
	1 9 3 72
	1 9 4 51
	1 10 1 66
	1 10 2 57
	1 10 3 85
	1 10 4 61
	1 11 1 88
	1 11 2 62
	1 11 3 81
	1 11 4 68
	1 12 1 67
	1 12 2 95
	1 12 3 88
	1 12 4 69
	1 13 1 58
	1 13 2 93
	1 13 3 91
	1 13 4 90
	1 14 1 92
	1 14 2 88
	1 14 3 71
	1 14 4 84
	1 15 1 89
	1 15 2 82
	1 15 3 62
	1 15 4 59
	1 16 1 65
	1 16 2 56
	1 16 3 88
	1 16 4 77
	1 17 1 73
	1 17 2 53
	1 17 3 88
	1 17 4 53
	1 18 1 69
	1 18 2 97
	1 18 3 51
	1 18 4 87
	1 19 1 78
	1 19 2 87
	1 19 3 61
	1 19 4 76
	1 20 1 66
	1 20 2 65
	1 20 3 69
	1 20 4 70
	2 1 1 82
	2 1 2 68
	2 1 3 50
	2 1 4 64
	2 2 1 76
	2 2 2 81
	2 2 3 79
	2 2 4 87
	2 3 1 77
	2 3 2 98
	2 3 3 62
	2 3 4 53
	2 4 1 96
	2 4 2 93
	2 4 3 76
	2 4 4 82
	2 5 1 89
	2 5 2 63
	2 5 3 54
	2 5 4 52
	2 6 1 50
	2 6 2 70
	2 6 3 83
	2 6 4 98
	2 7 1 94
	2 7 2 88
	2 7 3 72
	2 7 4 91
	2 8 1 50
	2 8 2 91
	2 8 3 91
	2 8 4 97
	2 9 1 51
	2 9 2 50
	2 9 3 98
	2 9 4 54
	2 10 1 96
	2 10 2 55
	2 10 3 51
	2 10 4 55
	2 11 1 59
	2 11 2 76
	2 11 3 66
	2 11 4 80
	2 12 1 99
	2 12 2 99
	2 12 3 83
	2 12 4 96
	2 13 1 98
	2 13 2 61
	2 13 3 50
	2 13 4 80
	2 14 1 73
	2 14 2 60
	2 14 3 68
	2 14 4 69
	2 15 1 72
	2 15 2 94
	2 15 3 53
	2 15 4 79
	2 16 1 95
	2 16 2 86
	2 16 3 71
	2 16 4 77
	2 17 1 95
	2 17 2 51
	2 17 3 63
	2 17 4 78
	2 18 1 66
	2 18 2 93
	2 18 3 55
	2 18 4 68
	2 19 1 60
	2 19 2 94
	2 19 3 91
	2 19 4 55
	2 20 1 88
	2 20 2 55
	2 20 3 97
	2 20 4 99
	3 1 1 56
	3 1 2 59
	3 1 3 96
	3 1 4 63
	3 2 1 72
	3 2 2 84
	3 2 3 80
	3 2 4 93
	3 3 1 98
	3 3 2 58
	3 3 3 58
	3 3 4 51
	3 4 1 82
	3 4 2 80
	3 4 3 52
	3 4 4 95
	3 5 1 71
	3 5 2 92
	3 5 3 67
	3 5 4 58
	3 6 1 65
	3 6 2 76
	3 6 3 98
	3 6 4 55
	3 7 1 66
	3 7 2 63
	3 7 3 71
	3 7 4 89
	3 8 1 80
	3 8 2 61
	3 8 3 56
	3 8 4 95
	3 9 1 82
	3 9 2 96
	3 9 3 61
	3 9 4 67
	3 10 1 97
	3 10 2 55
	3 10 3 86
	3 10 4 79
	3 11 1 55
	3 11 2 56
	3 11 3 94
	3 11 4 76
	3 12 1 60
	3 12 2 86
	3 12 3 62
	3 12 4 67
	3 13 1 83
	3 13 2 62
	3 13 3 82
	3 13 4 66
	3 14 1 87
	3 14 2 91
	3 14 3 80
	3 14 4 81
	3 15 1 94
	3 15 2 59
	3 15 3 88
	3 15 4 55
	3 16 1 87
	3 16 2 80
	3 16 3 87
	3 16 4 87
	3 17 1 77
	3 17 2 50
	3 17 3 78
	3 17 4 86
	3 18 1 78
	3 18 2 87
	3 18 3 85
	3 18 4 76
	3 19 1 94
	3 19 2 93
	3 19 3 72
	3 19 4 92
	3 20 1 99
	3 20 2 65
	3 20 3 77
	3 20 4 82
	4 1 1 74
	4 1 2 54
	4 1 3 80
	4 1 4 64
	4 2 1 94
	4 2 2 71
	4 2 3 61
	4 2 4 95
	4 3 1 74
	4 3 2 52
	4 3 3 63
	4 3 4 65
	4 4 1 82
	4 4 2 70
	4 4 3 52
	4 4 4 56
	4 5 1 95
	4 5 2 92
	4 5 3 79
	4 5 4 81
	4 6 1 52
	4 6 2 92
	4 6 3 53
	4 6 4 88
	4 7 1 76
	4 7 2 95
	4 7 3 77
	4 7 4 83
	4 8 1 61
	4 8 2 93
	4 8 3 67
	4 8 4 75
	4 9 1 92
	4 9 2 67
	4 9 3 54
	4 9 4 74
	4 10 1 97
	4 10 2 58
	4 10 3 75
	4 10 4 99
	4 11 1 99
	4 11 2 68
	4 11 3 62
	4 11 4 84
	4 12 1 97
	4 12 2 59
	4 12 3 71
	4 12 4 62
	4 13 1 59
	4 13 2 56
	4 13 3 56
	4 13 4 67
	4 14 1 82
	4 14 2 97
	4 14 3 88
	4 14 4 73
	4 15 1 82
	4 15 2 61
	4 15 3 86
	4 15 4 88
	4 16 1 57
	4 16 2 98
	4 16 3 91
	4 16 4 86
	4 17 1 87
	4 17 2 83
	4 17 3 51
	4 17 4 92
	4 18 1 68
	4 18 2 55
	4 18 3 65
	4 18 4 75
	4 19 1 57
	4 19 2 62
	4 19 3 98
	4 19 4 77
	4 20 1 66
	4 20 2 88
	4 20 3 78
	4 20 4 98
	5 1 1 66
	5 1 2 67
	5 1 3 77
	5 1 4 86
	5 2 1 62
	5 2 2 88
	5 2 3 95
	5 2 4 90
	5 3 1 51
	5 3 2 99
	5 3 3 69
	5 3 4 74
	5 4 1 63
	5 4 2 60
	5 4 3 59
	5 4 4 60
	5 5 1 59
	5 5 2 61
	5 5 3 96
	5 5 4 74
	5 6 1 67
	5 6 2 57
	5 6 3 66
	5 6 4 52
	5 7 1 75
	5 7 2 67
	5 7 3 71
	5 7 4 63
	5 8 1 51
	5 8 2 52
	5 8 3 74
	5 8 4 62
	5 9 1 63
	5 9 2 66
	5 9 3 52
	5 9 4 85
	5 10 1 67
	5 10 2 60
	5 10 3 96
	5 10 4 63
	5 11 1 59
	5 11 2 88
	5 11 3 67
	5 11 4 87
	5 12 1 67
	5 12 2 59
	5 12 3 98
	5 12 4 98
	5 13 1 84
	5 13 2 87
	5 13 3 73
	5 13 4 63
	5 14 1 62
	5 14 2 90
	5 14 3 62
	5 14 4 82
	5 15 1 95
	5 15 2 52
	5 15 3 52
	5 15 4 68
	5 16 1 93
	5 16 2 98
	5 16 3 66
	5 16 4 98
	5 17 1 93
	5 17 2 88
	5 17 3 67
	5 17 4 95
	5 18 1 63
	5 18 2 67
	5 18 3 87
	5 18 4 80
	5 19 1 56
	5 19 2 88
	5 19 3 55
	5 19 4 96
	5 20 1 50
	5 20 2 83
	5 20 3 68
	5 20 4 86
	6 1 1 83
	6 1 2 74
	6 1 3 82
	6 1 4 91
	6 2 1 88
	6 2 2 97
	6 2 3 60
	6 2 4 64
	6 3 1 95
	6 3 2 86
	6 3 3 68
	6 3 4 54
	6 4 1 85
	6 4 2 88
	6 4 3 71
	6 4 4 91
	6 5 1 80
	6 5 2 78
	6 5 3 63
	6 5 4 89
	6 6 1 59
	6 6 2 92
	6 6 3 67
	6 6 4 76
	6 7 1 95
	6 7 2 56
	6 7 3 92
	6 7 4 78
	6 8 1 77
	6 8 2 89
	6 8 3 52
	6 8 4 72
	6 9 1 77
	6 9 2 87
	6 9 3 57
	6 9 4 87
	6 10 1 64
	6 10 2 95
	6 10 3 78
	6 10 4 58
	6 11 1 75
	6 11 2 69
	6 11 3 54
	6 11 4 84
	6 12 1 73
	6 12 2 85
	6 12 3 76
	6 12 4 64
	6 13 1 76
	6 13 2 95
	6 13 3 58
	6 13 4 86
	6 14 1 61
	6 14 2 95
	6 14 3 98
	6 14 4 58
	6 15 1 66
	6 15 2 74
	6 15 3 97
	6 15 4 69
	6 16 1 50
	6 16 2 82
	6 16 3 98
	6 16 4 84
	6 17 1 81
	6 17 2 77
	6 17 3 67
	6 17 4 87
	6 18 1 62
	6 18 2 70
	6 18 3 76
	6 18 4 71
	6 19 1 54
	6 19 2 58
	6 19 3 60
	6 19 4 61
	6 20 1 75
	6 20 2 61
	6 20 3 92
	6 20 4 65
	7 1 1 70
	7 1 2 73
	7 1 3 84
	7 1 4 51
	7 2 1 78
	7 2 2 57
	7 2 3 76
	7 2 4 88
	7 3 1 78
	7 3 2 60
	7 3 3 78
	7 3 4 87
	7 4 1 85
	7 4 2 53
	7 4 3 92
	7 4 4 84
	7 5 1 55
	7 5 2 84
	7 5 3 68
	7 5 4 51
	7 6 1 79
	7 6 2 54
	7 6 3 85
	7 6 4 94
	7 7 1 80
	7 7 2 59
	7 7 3 56
	7 7 4 52
	7 8 1 64
	7 8 2 98
	7 8 3 85
	7 8 4 77
	7 9 1 60
	7 9 2 71
	7 9 3 78
	7 9 4 93
	7 10 1 63
	7 10 2 91
	7 10 3 81
	7 10 4 95
	7 11 1 65
	7 11 2 71
	7 11 3 87
	7 11 4 66
	7 12 1 78
	7 12 2 52
	7 12 3 62
	7 12 4 96
	7 13 1 88
	7 13 2 96
	7 13 3 62
	7 13 4 90
	7 14 1 95
	7 14 2 75
	7 14 3 91
	7 14 4 87
	7 15 1 83
	7 15 2 73
	7 15 3 78
	7 15 4 59
	7 16 1 96
	7 16 2 72
	7 16 3 63
	7 16 4 59
	7 17 1 67
	7 17 2 95
	7 17 3 74
	7 17 4 97
	7 18 1 98
	7 18 2 88
	7 18 3 51
	7 18 4 52
	7 19 1 91
	7 19 2 80
	7 19 3 77
	7 19 4 90
	7 20 1 65
	7 20 2 55
	7 20 3 54
	7 20 4 87
	8 1 1 61
	8 1 2 85
	8 1 3 50
	8 1 4 90
	8 2 1 89
	8 2 2 67
	8 2 3 70
	8 2 4 89
	8 3 1 94
	8 3 2 71
	8 3 3 51
	8 3 4 99
	8 4 1 57
	8 4 2 70
	8 4 3 85
	8 4 4 57
	8 5 1 81
	8 5 2 87
	8 5 3 73
	8 5 4 63
	8 6 1 68
	8 6 2 83
	8 6 3 75
	8 6 4 53
	8 7 1 86
	8 7 2 98
	8 7 3 65
	8 7 4 84
	8 8 1 63
	8 8 2 71
	8 8 3 89
	8 8 4 54
	8 9 1 93
	8 9 2 93
	8 9 3 62
	8 9 4 97
	8 10 1 95
	8 10 2 89
	8 10 3 78
	8 10 4 57
	8 11 1 97
	8 11 2 75
	8 11 3 99
	8 11 4 96
	8 12 1 97
	8 12 2 85
	8 12 3 53
	8 12 4 71
	8 13 1 64
	8 13 2 61
	8 13 3 98
	8 13 4 51
	8 14 1 93
	8 14 2 81
	8 14 3 89
	8 14 4 67
	8 15 1 62
	8 15 2 96
	8 15 3 66
	8 15 4 50
	8 16 1 62
	8 16 2 95
	8 16 3 95
	8 16 4 72
	8 17 1 69
	8 17 2 88
	8 17 3 50
	8 17 4 76
	8 18 1 56
	8 18 2 85
	8 18 3 96
	8 18 4 62
	8 19 1 75
	8 19 2 71
	8 19 3 53
	8 19 4 54
	8 20 1 65
	8 20 2 72
	8 20 3 73
	8 20 4 77
	9 1 1 89
	9 1 2 90
	9 1 3 85
	9 1 4 62
	9 2 1 77
	9 2 2 79
	9 2 3 78
	9 2 4 75
	9 3 1 99
	9 3 2 58
	9 3 3 80
	9 3 4 98
	9 4 1 75
	9 4 2 71
	9 4 3 84
	9 4 4 89
	9 5 1 63
	9 5 2 50
	9 5 3 92
	9 5 4 89
	9 6 1 87
	9 6 2 69
	9 6 3 95
	9 6 4 75
	9 7 1 66
	9 7 2 82
	9 7 3 75
	9 7 4 61
	9 8 1 51
	9 8 2 81
	9 8 3 68
	9 8 4 70
	9 9 1 75
	9 9 2 93
	9 9 3 80
	9 9 4 96
	9 10 1 78
	9 10 2 60
	9 10 3 80
	9 10 4 64
	9 11 1 79
	9 11 2 67
	9 11 3 84
	9 11 4 95
	9 12 1 55
	9 12 2 57
	9 12 3 51
	9 12 4 80
	9 13 1 51
	9 13 2 60
	9 13 3 67
	9 13 4 74
	9 14 1 98
	9 14 2 88
	9 14 3 64
	9 14 4 58
	9 15 1 72
	9 15 2 61
	9 15 3 85
	9 15 4 59
	9 16 1 57
	9 16 2 58
	9 16 3 61
	9 16 4 53
	9 17 1 73
	9 17 2 68
	9 17 3 57
	9 17 4 86
	9 18 1 60
	9 18 2 54
	9 18 3 85
	9 18 4 71
	9 19 1 93
	9 19 2 99
	9 19 3 76
	9 19 4 73
	9 20 1 51
	9 20 2 89
	9 20 3 75
	9 20 4 73
	10 1 1 55
	10 1 2 88
	10 1 3 76
	10 1 4 56
	10 2 1 60
	10 2 2 71
	10 2 3 74
	10 2 4 82
	10 3 1 93
	10 3 2 87
	10 3 3 65
	10 3 4 57
	10 4 1 99
	10 4 2 90
	10 4 3 77
	10 4 4 69
	10 5 1 60
	10 5 2 74
	10 5 3 80
	10 5 4 90
	10 6 1 68
	10 6 2 88
	10 6 3 83
	10 6 4 58
	10 7 1 97
	10 7 2 54
	10 7 3 50
	10 7 4 68
	10 8 1 55
	10 8 2 66
	10 8 3 50
	10 8 4 80
	10 9 1 82
	10 9 2 66
	10 9 3 70
	10 9 4 83
	10 10 1 70
	10 10 2 83
	10 10 3 51
	10 10 4 98
	10 11 1 98
	10 11 2 96
	10 11 3 72
	10 11 4 74
	10 12 1 57
	10 12 2 94
	10 12 3 57
	10 12 4 91
	10 13 1 80
	10 13 2 51
	10 13 3 93
	10 13 4 84
	10 14 1 59
	10 14 2 81
	10 14 3 51
	10 14 4 72
	10 15 1 53
	10 15 2 68
	10 15 3 73
	10 15 4 93
	10 16 1 67
	10 16 2 99
	10 16 3 70
	10 16 4 76
	10 17 1 90
	10 17 2 87
	10 17 3 50
	10 17 4 66
	10 18 1 89
	10 18 2 74
	10 18 3 57
	10 18 4 59
	10 19 1 70
	10 19 2 61
	10 19 3 88
	10 19 4 63
	10 20 1 65
	10 20 2 80
	10 20 3 61
	10 20 4 67
	11 1 1 57
	11 1 2 85
	11 1 3 97
	11 1 4 62
	11 2 1 93
	11 2 2 91
	11 2 3 60
	11 2 4 98
	11 3 1 71
	11 3 2 60
	11 3 3 94
	11 3 4 55
	11 4 1 81
	11 4 2 68
	11 4 3 97
	11 4 4 99
	11 5 1 97
	11 5 2 94
	11 5 3 96
	11 5 4 55
	11 6 1 62
	11 6 2 70
	11 6 3 64
	11 6 4 71
	11 7 1 80
	11 7 2 59
	11 7 3 75
	11 7 4 68
	11 8 1 59
	11 8 2 65
	11 8 3 85
	11 8 4 86
	11 9 1 56
	11 9 2 91
	11 9 3 65
	11 9 4 85
	11 10 1 87
	11 10 2 95
	11 10 3 90
	11 10 4 61
	11 11 1 97
	11 11 2 66
	11 11 3 82
	11 11 4 62
	11 12 1 50
	11 12 2 93
	11 12 3 66
	11 12 4 86
	11 13 1 76
	11 13 2 51
	11 13 3 90
	11 13 4 56
	11 14 1 88
	11 14 2 65
	11 14 3 65
	11 14 4 58
	11 15 1 66
	11 15 2 73
	11 15 3 95
	11 15 4 67
	11 16 1 83
	11 16 2 59
	11 16 3 73
	11 16 4 93
	11 17 1 62
	11 17 2 99
	11 17 3 60
	11 17 4 78
	11 18 1 86
	11 18 2 65
	11 18 3 97
	11 18 4 73
	11 19 1 77
	11 19 2 80
	11 19 3 58
	11 19 4 57
	11 20 1 61
	11 20 2 78
	11 20 3 90
	11 20 4 69
	12 1 1 92
	12 1 2 98
	12 1 3 81
	12 1 4 79
	12 2 1 52
	12 2 2 75
	12 2 3 99
	12 2 4 57
	12 3 1 87
	12 3 2 83
	12 3 3 59
	12 3 4 99
	12 4 1 69
	12 4 2 62
	12 4 3 57
	12 4 4 63
	12 5 1 57
	12 5 2 77
	12 5 3 75
	12 5 4 64
	12 6 1 75
	12 6 2 80
	12 6 3 72
	12 6 4 79
	12 7 1 73
	12 7 2 52
	12 7 3 70
	12 7 4 79
	12 8 1 97
	12 8 2 50
	12 8 3 82
	12 8 4 87
	12 9 1 53
	12 9 2 80
	12 9 3 87
	12 9 4 93
	12 10 1 84
	12 10 2 74
	12 10 3 54
	12 10 4 71
	12 11 1 78
	12 11 2 59
	12 11 3 66
	12 11 4 90
	12 12 1 79
	12 12 2 50
	12 12 3 87
	12 12 4 94
	12 13 1 95
	12 13 2 80
	12 13 3 55
	12 13 4 52
	12 14 1 62
	12 14 2 87
	12 14 3 75
	12 14 4 52
	12 15 1 80
	12 15 2 90
	12 15 3 97
	12 15 4 69
	12 16 1 76
	12 16 2 89
	12 16 3 70
	12 16 4 90
	12 17 1 66
	12 17 2 68
	12 17 3 62
	12 17 4 91
	12 18 1 53
	12 18 2 82
	12 18 3 86
	12 18 4 83
	12 19 1 95
	12 19 2 93
	12 19 3 90
	12 19 4 59
	12 20 1 94
	12 20 2 87
	12 20 3 66
	12 20 4 76
	13 1 1 85
	13 1 2 82
	13 1 3 57
	13 1 4 72
	13 2 1 93
	13 2 2 78
	13 2 3 74
	13 2 4 89
	13 3 1 98
	13 3 2 83
	13 3 3 77
	13 3 4 80
	13 4 1 95
	13 4 2 77
	13 4 3 86
	13 4 4 55
	13 5 1 57
	13 5 2 97
	13 5 3 90
	13 5 4 85
	13 6 1 79
	13 6 2 63
	13 6 3 87
	13 6 4 88
	13 7 1 59
	13 7 2 87
	13 7 3 69
	13 7 4 91
	13 8 1 94
	13 8 2 59
	13 8 3 86
	13 8 4 97
	13 9 1 56
	13 9 2 91
	13 9 3 52
	13 9 4 52
	13 10 1 65
	13 10 2 95
	13 10 3 66
	13 10 4 62
	13 11 1 50
	13 11 2 72
	13 11 3 95
	13 11 4 50
	13 12 1 75
	13 12 2 95
	13 12 3 55
	13 12 4 65
	13 13 1 80
	13 13 2 53
	13 13 3 99
	13 13 4 95
	13 14 1 60
	13 14 2 75
	13 14 3 54
	13 14 4 58
	13 15 1 95
	13 15 2 99
	13 15 3 79
	13 15 4 89
	13 16 1 68
	13 16 2 93
	13 16 3 83
	13 16 4 87
	13 17 1 89
	13 17 2 87
	13 17 3 61
	13 17 4 75
	13 18 1 74
	13 18 2 94
	13 18 3 85
	13 18 4 98
	13 19 1 90
	13 19 2 60
	13 19 3 87
	13 19 4 99
	13 20 1 53
	13 20 2 60
	13 20 3 91
	13 20 4 78
	14 1 1 54
	14 1 2 50
	14 1 3 59
	14 1 4 52
	14 2 1 73
	14 2 2 88
	14 2 3 59
	14 2 4 56
	14 3 1 97
	14 3 2 88
	14 3 3 75
	14 3 4 55
	14 4 1 50
	14 4 2 80
	14 4 3 55
	14 4 4 58
	14 5 1 77
	14 5 2 72
	14 5 3 85
	14 5 4 76
	14 6 1 70
	14 6 2 62
	14 6 3 51
	14 6 4 58
	14 7 1 76
	14 7 2 97
	14 7 3 73
	14 7 4 83
	14 8 1 80
	14 8 2 67
	14 8 3 72
	14 8 4 54
	14 9 1 74
	14 9 2 51
	14 9 3 99
	14 9 4 95
	14 10 1 50
	14 10 2 96
	14 10 3 71
	14 10 4 66
	14 11 1 53
	14 11 2 81
	14 11 3 90
	14 11 4 93
	14 12 1 66
	14 12 2 70
	14 12 3 83
	14 12 4 63
	14 13 1 63
	14 13 2 79
	14 13 3 86
	14 13 4 97
	14 14 1 75
	14 14 2 70
	14 14 3 83
	14 14 4 95
	14 15 1 96
	14 15 2 83
	14 15 3 53
	14 15 4 60
	14 16 1 69
	14 16 2 99
	14 16 3 95
	14 16 4 96
	14 17 1 79
	14 17 2 82
	14 17 3 88
	14 17 4 97
	14 18 1 84
	14 18 2 52
	14 18 3 68
	14 18 4 69
	14 19 1 72
	14 19 2 71
	14 19 3 96
	14 19 4 70
	14 20 1 98
	14 20 2 96
	14 20 3 56
	14 20 4 89
	15 1 1 70
	15 1 2 56
	15 1 3 54
	15 1 4 67
	15 2 1 71
	15 2 2 71
	15 2 3 71
	15 2 4 61
	15 3 1 52
	15 3 2 79
	15 3 3 82
	15 3 4 70
	15 4 1 53
	15 4 2 85
	15 4 3 94
	15 4 4 57
	15 5 1 70
	15 5 2 90
	15 5 3 91
	15 5 4 78
	15 6 1 56
	15 6 2 59
	15 6 3 84
	15 6 4 68
	15 7 1 92
	15 7 2 71
	15 7 3 69
	15 7 4 52
	15 8 1 57
	15 8 2 62
	15 8 3 95
	15 8 4 73
	15 9 1 79
	15 9 2 76
	15 9 3 63
	15 9 4 50
	15 10 1 74
	15 10 2 79
	15 10 3 99
	15 10 4 69
	15 11 1 92
	15 11 2 83
	15 11 3 55
	15 11 4 76
	15 12 1 57
	15 12 2 66
	15 12 3 79
	15 12 4 73
	15 13 1 51
	15 13 2 77
	15 13 3 75
	15 13 4 59
	15 14 1 57
	15 14 2 94
	15 14 3 84
	15 14 4 60
	15 15 1 76
	15 15 2 96
	15 15 3 80
	15 15 4 76
	15 16 1 91
	15 16 2 88
	15 16 3 61
	15 16 4 61
	15 17 1 86
	15 17 2 85
	15 17 3 63
	15 17 4 78
	15 18 1 99
	15 18 2 64
	15 18 3 91
	15 18 4 77
	15 19 1 81
	15 19 2 73
	15 19 3 99
	15 19 4 80
	15 20 1 57
	15 20 2 57
	15 20 3 82
	15 20 4 98
	16 1 1 89
	16 1 2 95
	16 1 3 51
	16 1 4 75
	16 2 1 54
	16 2 2 87
	16 2 3 82
	16 2 4 59
	16 3 1 50
	16 3 2 80
	16 3 3 68
	16 3 4 95
	16 4 1 63
	16 4 2 70
	16 4 3 84
	16 4 4 98
	16 5 1 91
	16 5 2 64
	16 5 3 96
	16 5 4 66
	16 6 1 89
	16 6 2 57
	16 6 3 80
	16 6 4 86
	16 7 1 58
	16 7 2 75
	16 7 3 74
	16 7 4 97
	16 8 1 77
	16 8 2 94
	16 8 3 51
	16 8 4 96
	16 9 1 97
	16 9 2 72
	16 9 3 73
	16 9 4 74
	16 10 1 52
	16 10 2 74
	16 10 3 56
	16 10 4 90
	16 11 1 92
	16 11 2 61
	16 11 3 53
	16 11 4 81
	16 12 1 71
	16 12 2 76
	16 12 3 96
	16 12 4 54
	16 13 1 53
	16 13 2 67
	16 13 3 63
	16 13 4 64
	16 14 1 74
	16 14 2 84
	16 14 3 90
	16 14 4 80
	16 15 1 97
	16 15 2 66
	16 15 3 91
	16 15 4 86
	16 16 1 72
	16 16 2 63
	16 16 3 90
	16 16 4 71
	16 17 1 97
	16 17 2 65
	16 17 3 76
	16 17 4 95
	16 18 1 51
	16 18 2 62
	16 18 3 55
	16 18 4 50
	16 19 1 66
	16 19 2 66
	16 19 3 97
	16 19 4 83
	16 20 1 50
	16 20 2 61
	16 20 3 90
	16 20 4 89
	17 1 1 52
	17 1 2 67
	17 1 3 55
	17 1 4 88
	17 2 1 89
	17 2 2 54
	17 2 3 86
	17 2 4 64
	17 3 1 64
	17 3 2 93
	17 3 3 52
	17 3 4 67
	17 4 1 87
	17 4 2 67
	17 4 3 92
	17 4 4 89
	17 5 1 54
	17 5 2 87
	17 5 3 62
	17 5 4 82
	17 6 1 62
	17 6 2 61
	17 6 3 75
	17 6 4 69
	17 7 1 68
	17 7 2 75
	17 7 3 65
	17 7 4 76
	17 8 1 79
	17 8 2 62
	17 8 3 73
	17 8 4 56
	17 9 1 86
	17 9 2 82
	17 9 3 93
	17 9 4 98
	17 10 1 95
	17 10 2 61
	17 10 3 82
	17 10 4 53
	17 11 1 91
	17 11 2 68
	17 11 3 78
	17 11 4 73
	17 12 1 59
	17 12 2 78
	17 12 3 64
	17 12 4 70
	17 13 1 59
	17 13 2 74
	17 13 3 97
	17 13 4 80
	17 14 1 53
	17 14 2 86
	17 14 3 94
	17 14 4 83
	17 15 1 70
	17 15 2 97
	17 15 3 98
	17 15 4 54
	17 16 1 70
	17 16 2 70
	17 16 3 67
	17 16 4 98
	17 17 1 98
	17 17 2 69
	17 17 3 60
	17 17 4 69
	17 18 1 52
	17 18 2 90
	17 18 3 52
	17 18 4 57
	17 19 1 97
	17 19 2 99
	17 19 3 62
	17 19 4 97
	17 20 1 95
	17 20 2 53
	17 20 3 71
	17 20 4 71
	18 1 1 55
	18 1 2 76
	18 1 3 93
	18 1 4 61
	18 2 1 82
	18 2 2 57
	18 2 3 96
	18 2 4 88
	18 3 1 88
	18 3 2 65
	18 3 3 61
	18 3 4 65
	18 4 1 95
	18 4 2 64
	18 4 3 99
	18 4 4 73
	18 5 1 81
	18 5 2 51
	18 5 3 63
	18 5 4 71
	18 6 1 83
	18 6 2 93
	18 6 3 68
	18 6 4 96
	18 7 1 88
	18 7 2 77
	18 7 3 74
	18 7 4 51
	18 8 1 98
	18 8 2 95
	18 8 3 64
	18 8 4 72
	18 9 1 60
	18 9 2 91
	18 9 3 98
	18 9 4 55
	18 10 1 66
	18 10 2 56
	18 10 3 52
	18 10 4 72
	18 11 1 82
	18 11 2 75
	18 11 3 90
	18 11 4 95
	18 12 1 89
	18 12 2 89
	18 12 3 99
	18 12 4 53
	18 13 1 62
	18 13 2 76
	18 13 3 65
	18 13 4 71
	18 14 1 76
	18 14 2 97
	18 14 3 87
	18 14 4 60
	18 15 1 86
	18 15 2 65
	18 15 3 76
	18 15 4 80
	18 16 1 59
	18 16 2 64
	18 16 3 81
	18 16 4 83
	18 17 1 95
	18 17 2 88
	18 17 3 87
	18 17 4 88
	18 18 1 94
	18 18 2 93
	18 18 3 93
	18 18 4 56
	18 19 1 91
	18 19 2 97
	18 19 3 65
	18 19 4 78
	18 20 1 79
	18 20 2 91
	18 20 3 74
	18 20 4 85
	19 1 1 65
	19 1 2 65
	19 1 3 55
	19 1 4 58
	19 2 1 89
	19 2 2 52
	19 2 3 60
	19 2 4 60
	19 3 1 64
	19 3 2 61
	19 3 3 65
	19 3 4 96
	19 4 1 75
	19 4 2 55
	19 4 3 73
	19 4 4 98
	19 5 1 55
	19 5 2 50
	19 5 3 81
	19 5 4 94
	19 6 1 81
	19 6 2 60
	19 6 3 68
	19 6 4 55
	19 7 1 58
	19 7 2 95
	19 7 3 91
	19 7 4 83
	19 8 1 81
	19 8 2 81
	19 8 3 72
	19 8 4 93
	19 9 1 80
	19 9 2 63
	19 9 3 54
	19 9 4 97
	19 10 1 77
	19 10 2 80
	19 10 3 52
	19 10 4 83
	19 11 1 67
	19 11 2 92
	19 11 3 94
	19 11 4 51
	19 12 1 93
	19 12 2 53
	19 12 3 96
	19 12 4 75
	19 13 1 71
	19 13 2 70
	19 13 3 83
	19 13 4 56
	19 14 1 58
	19 14 2 90
	19 14 3 89
	19 14 4 55
	19 15 1 69
	19 15 2 75
	19 15 3 72
	19 15 4 50
	19 16 1 69
	19 16 2 92
	19 16 3 60
	19 16 4 80
	19 17 1 64
	19 17 2 50
	19 17 3 51
	19 17 4 81
	19 18 1 56
	19 18 2 93
	19 18 3 88
	19 18 4 81
	19 19 1 53
	19 19 2 64
	19 19 3 78
	19 19 4 80
	19 20 1 94
	19 20 2 56
	19 20 3 93
	19 20 4 53
	20 1 1 61
	20 1 2 61
	20 1 3 66
	20 1 4 72
	20 2 1 50
	20 2 2 66
	20 2 3 95
	20 2 4 68
	20 3 1 62
	20 3 2 94
	20 3 3 71
	20 3 4 59
	20 4 1 87
	20 4 2 92
	20 4 3 73
	20 4 4 71
	20 5 1 78
	20 5 2 89
	20 5 3 65
	20 5 4 60
	20 6 1 79
	20 6 2 80
	20 6 3 99
	20 6 4 54
	20 7 1 62
	20 7 2 54
	20 7 3 66
	20 7 4 53
	20 8 1 97
	20 8 2 63
	20 8 3 92
	20 8 4 59
	20 9 1 61
	20 9 2 72
	20 9 3 88
	20 9 4 69
	20 10 1 53
	20 10 2 66
	20 10 3 66
	20 10 4 86
	20 11 1 86
	20 11 2 65
	20 11 3 73
	20 11 4 86
	20 12 1 79
	20 12 2 86
	20 12 3 98
	20 12 4 70
	20 13 1 74
	20 13 2 70
	20 13 3 94
	20 13 4 99
	20 14 1 50
	20 14 2 88
	20 14 3 52
	20 14 4 67
	20 15 1 81
	20 15 2 70
	20 15 3 76
	20 15 4 92
	20 16 1 74
	20 16 2 52
	20 16 3 50
	20 16 4 55
	20 17 1 56
	20 17 2 93
	20 17 3 56
	20 17 4 80
	20 18 1 82
	20 18 2 65
	20 18 3 80
	20 18 4 66
	20 19 1 92
	20 19 2 97
	20 19 3 59
	20 19 4 50
	20 20 1 55
	20 20 2 72
	20 20 3 84
	20 20 4 83
;

end;
